fastqSplit_chr21	1	345628393.0	0	24	1	24	1	chr21.0.0.sfq	13750467.0	1
fastqSplit_chr21	1	345628393.0	0	24	2	24	1	chr21.0.1.sfq	15351586.0	2
fastqSplit_chr21	1	345628393.0	0	24	3	24	1	chr21.0.2.sfq	13393921.0	0
fastqSplit_chr21	1	345628393.0	0	24	4	24	1	chr21.0.3.sfq	15505751.0	2
fastqSplit_chr21	1	345628393.0	0	24	5	24	1	chr21.0.4.sfq	13663440.0	2
fastqSplit_chr21	1	345628393.0	0	24	6	24	1	chr21.0.5.sfq	14706152.0	0
fastqSplit_chr21	1	345628393.0	0	24	7	24	1	chr21.0.6.sfq	13773095.0	2
fastqSplit_chr21	1	345628393.0	0	24	8	24	1	chr21.0.7.sfq	15281286.0	2
fastqSplit_chr21	1	345628393.0	0	24	9	24	1	chr21.0.8.sfq	13796700.0	2
fastqSplit_chr21	1	345628393.0	0	24	10	24	1	chr21.0.9.sfq	14110514.0	0
fastqSplit_chr21	1	345628393.0	0	24	11	24	1	chr21.0.10.sfq	14700453.0	1
fastqSplit_chr21	1	345628393.0	0	24	12	24	1	chr21.0.11.sfq	15277499.0	0
fastqSplit_chr21	1	345628393.0	0	24	13	24	1	chr21.0.12.sfq	13224135.0	2
fastqSplit_chr21	1	345628393.0	0	24	14	24	1	chr21.0.13.sfq	15042712.0	2
fastqSplit_chr21	1	345628393.0	0	24	15	24	1	chr21.0.14.sfq	14083230.0	0
fastqSplit_chr21	1	345628393.0	0	24	16	24	1	chr21.0.15.sfq	15364072.0	1
fastqSplit_chr21	1	345628393.0	0	24	17	24	1	chr21.0.16.sfq	13774284.0	1
fastqSplit_chr21	1	345628393.0	0	24	18	24	1	chr21.0.17.sfq	14898454.0	0
fastqSplit_chr21	1	345628393.0	0	24	19	24	1	chr21.0.18.sfq	13367805.0	0
fastqSplit_chr21	1	345628393.0	0	24	20	24	1	chr21.0.19.sfq	14980049.0	1
fastqSplit_chr21	1	345628393.0	0	24	21	24	1	chr21.0.20.sfq	14127053.0	2
fastqSplit_chr21	1	345628393.0	0	24	22	24	1	chr21.0.21.sfq	14582157.0	2
fastqSplit_chr21	1	345628393.0	0	24	23	24	1	chr21.0.22.sfq	14714435.0	1
fastqSplit_chr21	1	345628393.0	0	24	24	24	1	chr21.0.23.sfq	14159143.0	0
filterContams_chr21	24	14083230.0	1	2	1	1	2	chr21.0.14.nocontam.sfq	7231630.0	2
filterContams_chr21	24	14083230.0	1	2	2	1	2	chr21.0.14.contam.sfq	6851600.0	0
sol2sanger_chr21	24	7231630.0	1	1	1	1	3	chr21.0.14.nocontam.fq	8492938.0	0
fastq2bfq_chr21	24	5997937.0	1	1	1	1	4	chr21.0.8.nocontam.bfq	1357864.0	1
map_chr21	24	2351277789.0	1	1	1	1	5	chr21.0.7.nocontam.map	1693432.0	1
mapMerge_chr21	1	38850309.0	24	3	1	1	6	chr21.nocontam.map	36651234.0	2
mapMerge_chr21	1	38850309.0	24	3	2	1	6	chr21.nocontam.map.zr	943985.0	0
mapMerge_chr21	1	38850309.0	24	3	3	1	6	chr21.nocontam.map.vm	220707.0	1
maqindex_chr21	1	36651234.0	1	1	1	1	7	chr21.nocontam.chr.map	501958.0	0
pileup_chr21	1	2350221789.0	1	1	1	0	8	chr21.nocontam.chr.pileup	1322851.0	2
